Part A: 
describe output:
               cnt          t1          t2         hum  wind_speed  weather_code  is_holiday  is_weekend      season        Hour         Day       Month         Year  is_weekend_holiday      t_diff
count   500.000000  500.000000  500.000000  500.000000  500.000000    500.000000  500.000000  500.000000  500.000000  500.000000  500.000000  500.000000   500.000000          500.000000  500.000000
mean   1184.500000   12.468000   11.468000   71.895000   15.907000      2.578000    0.008000    0.276000    1.470000   11.676000   15.558000    6.648000  2015.540000            0.292000   -1.000000
std    1152.912029    5.699645    6.762947   14.071656    8.065355      2.108271    0.089173    0.447464    1.106141    6.972248    8.665611    3.416935     0.502897            0.472422    1.421634
min      11.000000    0.500000   -1.500000   29.000000    0.000000      1.000000    0.000000    0.000000    0.000000    0.000000    1.000000    1.000000  2015.000000            0.000000   -5.000000
25%     240.000000    8.000000    5.875000   62.375000   10.000000      1.000000    0.000000    0.000000    0.000000    5.000000    9.000000    4.000000  2015.000000            0.000000   -2.000000
50%     883.000000   12.250000   12.250000   73.500000   15.000000      2.000000    0.000000    0.000000    1.000000   12.000000   16.000000    7.000000  2016.000000            0.000000    0.000000
75%    1730.500000   16.000000   16.000000   83.000000   20.500000      3.000000    0.000000    1.000000    2.000000   18.000000   23.000000   10.000000  2016.000000            1.000000    0.000000
max    5304.000000   34.000000   34.000000  100.000000   48.000000     26.000000    1.000000    1.000000    3.000000   23.000000   31.000000   12.000000  2017.000000            2.000000    0.000000

corr output:
                         cnt        t1        t2       hum  wind_speed  weather_code  is_holiday  is_weekend    season      Hour       Day     Month      Year  is_weekend_holiday    t_diff
cnt                 1.000000  0.378566  0.359184 -0.452572    0.148591     -0.139805   -0.051519   -0.079840 -0.103999  0.326032  0.047427  0.093069  0.037149           -0.095071  0.190943
t1                  0.378566  1.000000  0.988450 -0.464205    0.149997     -0.047239   -0.031039    0.064760 -0.219320  0.177551  0.029880  0.302564  0.081549            0.049621  0.692998
t2                  0.359184  0.988450  1.000000 -0.416416    0.085807     -0.049018   -0.022836    0.057889 -0.223145  0.166019  0.038792  0.348089  0.076682            0.046210  0.794251
hum                -0.452572 -0.464205 -0.416416  1.000000   -0.340431      0.330007    0.052575   -0.038673  0.284558 -0.334413 -0.008796  0.111826  0.067215           -0.016782 -0.119861
wind_speed          0.148591  0.149997  0.085807 -0.340431    1.000000      0.125678   -0.040759    0.116240  0.096221  0.138751 -0.157031 -0.080961 -0.095550            0.094712 -0.193174
weather_code       -0.139805 -0.047239 -0.049018  0.330007    0.125678      1.000000   -0.003326    0.002626  0.120453 -0.093574 -0.033375 -0.035405  0.056591            0.001231 -0.043795
is_holiday         -0.051519 -0.031039 -0.022836  0.052575   -0.040759     -0.003326    1.000000   -0.055447  0.022755 -0.011939  0.072013 -0.003894  0.082225            0.324999  0.015808
is_weekend         -0.079840  0.064760  0.057889 -0.038673    0.116240      0.002626   -0.055447    1.000000  0.000567  0.006881 -0.019125  0.005998 -0.013536            0.926240  0.015752
season             -0.103999 -0.219320 -0.223145  0.284558    0.096221      0.120453    0.022755    0.000567  1.000000  0.009911  0.031960  0.257006 -0.010447            0.009127 -0.182237
Hour                0.326032  0.177551  0.166019 -0.334413    0.138751     -0.093574   -0.011939    0.006881  0.009911  1.000000  0.003430  0.090425  0.002561            0.002010  0.077941
Day                 0.047427  0.029880  0.038792 -0.008796   -0.157031     -0.033375    0.072013   -0.019125  0.031960  0.003430  1.000000  0.060385  0.015332            0.009072  0.064743
Month               0.093069  0.302564  0.348089  0.111826   -0.080961     -0.035405   -0.003894    0.005998  0.257006  0.090425  0.060385  1.000000  0.058358            0.004211  0.442871
Year                0.037149  0.081549  0.076682  0.067215   -0.095550      0.056591    0.082225   -0.013536 -0.010447  0.002561  0.015332  0.058358  1.000000            0.018220  0.037841
is_weekend_holiday -0.095071  0.049621  0.046210 -0.016782    0.094712      0.001231    0.324999    0.926240  0.009127  0.002010  0.009072  0.004211  0.018220            1.000000  0.020887
t_diff              0.190943  0.692998  0.794251 -0.119861   -0.193174     -0.043795    0.015808    0.015752 -0.182237  0.077941  0.064743  0.442871  0.037841            0.020887  1.000000

Highest correlated are: 
1. ('t1', 't2') with 0.988450
2. ('is_weekend', 'is_weekend_holiday') with 0.926240
3. ('t2', 't_diff') with 0.794251
4. ('t1', 't_diff') with 0.692998
5. ('t1', 'hum') with 0.464205

Lowest correlated are: 
1. ('is_weekend', 'season') with 0.000567
2. ('weather_code', 'is_weekend_holiday') with 0.001231
3. ('Hour', 'is_weekend_holiday') with 0.002010
4. ('Hour', 'Year') with 0.002561
5. ('weather_code', 'is_weekend') with 0.002626

fall average t_diff is -0.62
spring average t_diff is -1.42
summer average t_diff is -0.02
winter average t_diff is -2.04
All average t_diff is -1.00

Part B: 
k = 2
[[0.001 0.001]
 [0.005 0.001]]

k = 3
[[0.    0.001]
 [0.003 0.001]
 [0.006 0.001]]

k = 5
[[ 0.002  0.002]
 [-0.     0.001]
 [ 0.002  0.   ]
 [ 0.007  0.001]
 [ 0.004  0.001]]